0 0.4107142857142857 0.15848214285714285 0.09598214285714286 0.09821428571428571
0 0.6294642857142857 0.13169642857142858 0.17857142857142858 0.12276785714285714
0 0.7388392857142857 0.24553571428571427 0.06919642857142858 0.08482142857142858
0 0.65625 0.27232142857142855 0.05357142857142857 0.13169642857142858
0 0.5848214285714286 0.26785714285714285 0.04017857142857143 0.10267857142857142
0 0.42410714285714285 0.36160714285714285 0.04017857142857143 0.07589285714285714
0 0.5178571428571429 0.3705357142857143 0.05357142857142857 0.08035714285714286
0 0.5892857142857143 0.4017857142857143 0.033482142857142856 0.06473214285714286
0 0.6674107142857143 0.41294642857142855 0.033482142857142856 0.07142857142857142
1 0.48660714285714285 0.04241071428571429 0.5290178571428571 0.08035714285714286
1 0.5022321428571429 0.17633928571428573 0.09598214285714286 0.13839285714285715
1 0.3080357142857143 0.16071428571428573 0.12276785714285714 0.14285714285714285