0 0.53125 0.25 0.10267857142857142 0.11160714285714286
0 0.5736607142857143 0.3861607142857143 0.029017857142857144 0.06473214285714286
0 0.6875 0.140625 0.06919642857142858 0.14732142857142858
0 0.6830357142857143 0.24776785714285715 0.05580357142857143 0.07589285714285714
0 0.703125 0.4419642857142857 0.10267857142857142 0.28348214285714285
0 0.7098214285714286 0.7053571428571429 0.10267857142857142 0.20535714285714285
0 0.6986607142857143 0.9017857142857143 0.07589285714285714 0.17410714285714285
0 0.5669642857142857 0.890625 0.03794642857142857 0.05133928571428571
0 0.5691964285714286 0.78125 0.026785714285714284 0.060267857142857144
0 0.37276785714285715 0.9642857142857143 0.060267857142857144 0.060267857142857144
0 0.39732142857142855 0.6785714285714286 0.05357142857142857 0.078125
0 0.2544642857142857 0.6361607142857143 0.03571428571428571 0.05580357142857143
1 0.8705357142857143 0.49107142857142855 0.234375 0.96875
1 0.34151785714285715 0.13616071428571427 0.15401785714285715 0.24107142857142858
0 0.5133928571428571 0.015625 0.049107142857142856 0.03125
0 0.5044642857142857 0.5535714285714286 0.17633928571428573 0.40401785714285715