0 0.609375 0.7522321428571429 0.17857142857142858 0.08928571428571429
0 0.9285714285714286 0.6875 0.12276785714285714 0.20089285714285715
0 0.7700892857142857 0.7566964285714286 0.11830357142857142 0.08928571428571429
0 0.8660714285714286 0.12276785714285714 0.14732142857142858 0.17633928571428573
0 0.9754464285714286 0.2924107142857143 0.03571428571428571 0.10714285714285714
0 0.6785714285714286 0.18973214285714285 0.06473214285714286 0.18080357142857142
0 0.890625 0.28794642857142855 0.03125 0.03571428571428571
0 0.5870535714285714 0.203125 0.0625 0.16517857142857142
0 0.36160714285714285 0.38392857142857145 0.19419642857142858 0.7142857142857143
0 0.0625 0.6294642857142857 0.07366071428571429 0.09151785714285714
0 0.14955357142857142 0.36830357142857145 0.16964285714285715 0.39285714285714285
0 0.5357142857142857 0.078125 0.11607142857142858 0.07589285714285714