0 0.024553571428571428 0.8102678571428571 0.049107142857142856 0.15178571428571427
0 0.05133928571428571 0.5535714285714286 0.10267857142857142 0.12276785714285714
0 0.046875 0.140625 0.09375 0.109375
0 0.11383928571428571 0.21651785714285715 0.026785714285714284 0.044642857142857144
0 0.25 0.32142857142857145 0.08035714285714286 0.049107142857142856
0 0.3638392857142857 0.18973214285714285 0.09598214285714286 0.06696428571428571
0 0.5334821428571429 0.20758928571428573 0.10491071428571429 0.08258928571428571
0 0.6205357142857143 0.25892857142857145 0.03571428571428571 0.05357142857142857
0 0.5111607142857143 0.33035714285714285 0.05357142857142857 0.07366071428571429
0 0.6004464285714286 0.32142857142857145 0.11607142857142858 0.05580357142857143
0 0.515625 0.47098214285714285 0.044642857142857144 0.06473214285714286
0 0.7276785714285714 0.34375 0.13392857142857142 0.06919642857142858
0 0.5959821428571429 0.5446428571428571 0.09821428571428571 0.04241071428571429
0 0.7142857142857143 0.5022321428571429 0.14285714285714285 0.10267857142857142
0 0.9553571428571429 0.3638392857142857 0.06919642857142858 0.05580357142857143
0 0.8147321428571429 0.36830357142857145 0.033482142857142856 0.044642857142857144
0 0.8348214285714286 0.33035714285714285 0.05357142857142857 0.033482142857142856