0 0.03125 0.7834821428571429 0.0625 0.14285714285714285
0 0.05580357142857143 0.5446428571428571 0.11160714285714286 0.11607142857142858
0 0.05133928571428571 0.15401785714285715 0.10267857142857142 0.10267857142857142
0 0.12276785714285714 0.22544642857142858 0.024553571428571428 0.04241071428571429
0 0.25 0.32589285714285715 0.07589285714285714 0.044642857142857144
0 0.35714285714285715 0.20089285714285715 0.08928571428571429 0.0625
0 0.5178571428571429 0.21875 0.09821428571428571 0.078125
0 0.5982142857142857 0.265625 0.033482142857142856 0.049107142857142856
0 0.4955357142857143 0.3325892857142857 0.049107142857142856 0.06919642857142858
0 0.5803571428571429 0.3236607142857143 0.109375 0.05357142857142857
0 0.5 0.4642857142857143 0.04241071428571429 0.060267857142857144
0 0.6986607142857143 0.34375 0.12723214285714285 0.06473214285714286
0 0.578125 0.5334821428571429 0.09151785714285714 0.04017857142857143
0 0.6875 0.4955357142857143 0.13169642857142858 0.09598214285714286
0 0.9151785714285714 0.3638392857142857 0.06473214285714286 0.05357142857142857
0 0.7834821428571429 0.36830357142857145 0.03125 0.04241071428571429
0 0.8013392857142857 0.3325892857142857 0.049107142857142856 0.03125