0 0.4107142857142857 0.35044642857142855 0.03125 0.09151785714285714
0 0.5111607142857143 0.36160714285714285 0.05133928571428571 0.09151785714285714
0 0.578125 0.39285714285714285 0.049107142857142856 0.08258928571428571
0 0.6651785714285714 0.4017857142857143 0.04017857142857143 0.078125
0 0.5758928571428571 0.24776785714285715 0.05133928571428571 0.10491071428571429
0 0.6584821428571429 0.27232142857142855 0.05357142857142857 0.09151785714285714
0 0.7477678571428571 0.23883928571428573 0.0625 0.10267857142857142
0 0.6383928571428571 0.09821428571428571 0.16964285714285715 0.14955357142857142
0 0.3950892857142857 0.12723214285714285 0.08482142857142858 0.09151785714285714
1 0.49330357142857145 0.14955357142857142 0.10044642857142858 0.17410714285714285
1 0.265625 0.10714285714285714 0.14732142857142858 0.21428571428571427
1 0.5602678571428571 0.026785714285714284 0.43526785714285715 0.05133928571428571
0 0.5558035714285714 0.6584821428571429 0.15401785714285715 0.08258928571428571