0 0.04241071428571429 0.6674107142857143 0.08482142857142858 0.06696428571428571
0 0.18303571428571427 0.6205357142857143 0.18526785714285715 0.16964285714285715
0 0.4486607142857143 0.6919642857142857 0.033482142857142856 0.029017857142857144
0 0.47098214285714285 0.484375 0.03794642857142857 0.05133928571428571
0 0.5848214285714286 0.7008928571428571 0.08035714285714286 0.033482142857142856
0 0.7098214285714286 0.7276785714285714 0.04241071428571429 0.05357142857142857
0 0.7366071428571429 0.5290178571428571 0.022321428571428572 0.04241071428571429
0 0.34375 0.3638392857142857 0.09375 0.06473214285714286
0 0.7522321428571429 0.36607142857142855 0.11383928571428571 0.09375
0 0.9129464285714286 0.4107142857142857 0.17410714285714285 0.13169642857142858
0 0.8794642857142857 0.6741071428571429 0.24107142857142858 0.22991071428571427