0 0.6049107142857143 0.8080357142857143 0.19642857142857142 0.09821428571428571
0 0.9441964285714286 0.7366071428571429 0.11160714285714286 0.22098214285714285
0 0.7834821428571429 0.8125 0.12946428571428573 0.09821428571428571
0 0.8883928571428571 0.11383928571428571 0.16294642857142858 0.19642857142857142
0 0.9933035714285714 0.29910714285714285 0.013392857142857142 0.11607142857142858
0 0.6830357142857143 0.18973214285714285 0.06919642857142858 0.20089285714285715
0 0.9151785714285714 0.29910714285714285 0.033482142857142856 0.04017857142857143
0 0.5825892857142857 0.20535714285714285 0.06919642857142858 0.18080357142857142
0 0.33482142857142855 0.40401785714285715 0.21428571428571427 0.7857142857142857
0 0.022321428571428572 0.671875 0.044642857142857144 0.10044642857142858
0 0.10267857142857142 0.3861607142857143 0.18526785714285715 0.4330357142857143
0 0.5267857142857143 0.06696428571428571 0.12723214285714285 0.08482142857142858