0 0.6763392857142857 0.14508928571428573 0.08035714285714286 0.11383928571428571
0 0.6919642857142857 0.26339285714285715 0.06696428571428571 0.08258928571428571
0 0.703125 0.44642857142857145 0.10267857142857142 0.2544642857142857
0 0.7075892857142857 0.7053571428571429 0.10714285714285714 0.20089285714285715
0 0.6919642857142857 0.9040178571428571 0.06473214285714286 0.16964285714285715
0 0.5669642857142857 0.8973214285714286 0.04017857142857143 0.049107142857142856
0 0.5691964285714286 0.7924107142857143 0.029017857142857144 0.05580357142857143
0 0.5691964285714286 0.39285714285714285 0.03125 0.04017857142857143
0 0.53125 0.24553571428571427 0.10491071428571429 0.10267857142857142
0 0.5066964285714286 0.015625 0.049107142857142856 0.03125
0 0.390625 0.6852678571428571 0.05357142857142857 0.060267857142857144
0 0.37723214285714285 0.96875 0.044642857142857144 0.044642857142857144
0 0.25892857142857145 0.6473214285714286 0.03125 0.060267857142857144
1 0.8660714285714286 0.49107142857142855 0.25669642857142855 0.9821428571428571
1 0.37276785714285715 0.32589285714285715 0.21651785714285715 0.6272321428571429
1 0.47767857142857145 0.8348214285714286 0.140625 0.29910714285714285