0 0.3236607142857143 0.90625 0.109375 0.10267857142857142
0 0.5200892857142857 0.890625 0.05357142857142857 0.049107142857142856
0 0.16071428571428573 0.5111607142857143 0.08035714285714286 0.13169642857142858
0 0.24553571428571427 0.5178571428571429 0.07142857142857142 0.140625
0 0.3236607142857143 0.46875 0.08258928571428571 0.21205357142857142
0 0.4017857142857143 0.5111607142857143 0.05803571428571429 0.11160714285714286
0 0.47098214285714285 0.5133928571428571 0.0625 0.13169642857142858
0 0.5357142857142857 0.515625 0.0625 0.125
0 0.5982142857142857 0.45982142857142855 0.05133928571428571 0.21875
0 0.6517857142857143 0.5111607142857143 0.049107142857142856 0.10267857142857142
0 0.7008928571428571 0.5089285714285714 0.04017857142857143 0.109375
0 0.7388392857142857 0.5267857142857143 0.05133928571428571 0.31026785714285715
0 0.7991071428571429 0.5245535714285714 0.04017857142857143 0.09598214285714286
0 0.8392857142857143 0.5200892857142857 0.03794642857142857 0.08258928571428571
0 0.875 0.5223214285714286 0.03794642857142857 0.08482142857142858
0 0.9151785714285714 0.5200892857142857 0.033482142857142856 0.08258928571428571
0 0.9821428571428571 0.5223214285714286 0.033482142857142856 0.08705357142857142
1 0.33705357142857145 0.10714285714285714 0.6741071428571429 0.21428571428571427