0 0.7544642857142857 0.19419642857142858 0.25669642857142855 0.2767857142857143
0 0.25223214285714285 0.08035714285714286 0.04241071428571429 0.04017857142857143
0 0.17633928571428573 0.15401785714285715 0.033482142857142856 0.026785714285714284
0 0.3013392857142857 0.203125 0.03125 0.029017857142857144
0 0.35044642857142855 0.27901785714285715 0.044642857142857144 0.12723214285714285
0 0.7388392857142857 0.7901785714285714 0.5223214285714286 0.26339285714285715
0 0.328125 0.9151785714285714 0.30357142857142855 0.049107142857142856
1 0.7366071428571429 0.5558035714285714 0.5223214285714286 0.19419642857142858
1 0.8147321428571429 0.05357142857142857 0.3325892857142857 0.10714285714285714
1 0.328125 0.029017857142857144 0.3169642857142857 0.05803571428571429
1 0.4107142857142857 0.203125 0.13392857142857142 0.390625
0 0.16517857142857142 0.24107142857142858 0.03125 0.022321428571428572
0 0.2544642857142857 0.29017857142857145 0.044642857142857144 0.09598214285714286