0 0.7120535714285714 0.21875 0.25669642857142855 0.2767857142857143
0 0.20982142857142858 0.10491071428571429 0.04241071428571429 0.04017857142857143
0 0.13169642857142858 0.17857142857142858 0.033482142857142856 0.026785714285714284
0 0.25892857142857145 0.22767857142857142 0.03125 0.029017857142857144
0 0.30580357142857145 0.30357142857142855 0.044642857142857144 0.12723214285714285
0 0.6986607142857143 0.8147321428571429 0.5290178571428571 0.26339285714285715
0 0.2857142857142857 0.9397321428571429 0.30357142857142855 0.049107142857142856
1 0.6941964285714286 0.5803571428571429 0.5223214285714286 0.19419642857142858
1 0.7723214285714286 0.078125 0.3325892857142857 0.109375
1 0.28794642857142855 0.049107142857142856 0.31919642857142855 0.06919642857142858
1 0.36830357142857145 0.22767857142857142 0.13392857142857142 0.390625
0 0.12276785714285714 0.26785714285714285 0.03125 0.022321428571428572
0 0.20982142857142858 0.31473214285714285 0.044642857142857144 0.09598214285714286