0 0.006696428571428571 0.828125 0.013392857142857142 0.15401785714285715
0 0.033482142857142856 0.5669642857142857 0.06696428571428571 0.12276785714285714
0 0.029017857142857144 0.14732142857142858 0.05803571428571429 0.11160714285714286
0 0.07589285714285714 0.22544642857142858 0.029017857142857144 0.044642857142857144
0 0.21651785714285715 0.3325892857142857 0.08035714285714286 0.049107142857142856
0 0.3325892857142857 0.19866071428571427 0.09598214285714286 0.06696428571428571
0 0.5066964285714286 0.21875 0.10714285714285714 0.08482142857142858
0 0.59375 0.26785714285714285 0.04017857142857143 0.05580357142857143
0 0.48214285714285715 0.34151785714285715 0.05580357142857143 0.07589285714285714
0 0.5736607142857143 0.3325892857142857 0.11607142857142858 0.05803571428571429
0 0.48660714285714285 0.484375 0.049107142857142856 0.06473214285714286
0 0.7008928571428571 0.3549107142857143 0.13839285714285715 0.06919642857142858
0 0.5691964285714286 0.5580357142857143 0.09821428571428571 0.04241071428571429
0 0.6897321428571429 0.5178571428571429 0.14285714285714285 0.10491071428571429
0 0.9352678571428571 0.37723214285714285 0.07142857142857142 0.05803571428571429
0 0.7924107142857143 0.3794642857142857 0.03125 0.044642857142857144
0 0.8125 0.34151785714285715 0.05580357142857143 0.03125