0 0.5133928571428571 0.203125 0.109375 0.12276785714285714
0 0.5602678571428571 0.3482142857142857 0.03125 0.06919642857142858
0 0.6830357142857143 0.08482142857142858 0.07589285714285714 0.15848214285714285
0 0.6785714285714286 0.20089285714285715 0.060267857142857144 0.08258928571428571
0 0.7008928571428571 0.40848214285714285 0.11160714285714286 0.30357142857142855
0 0.7053571428571429 0.6919642857142857 0.109375 0.22098214285714285
0 0.6964285714285714 0.9040178571428571 0.08035714285714286 0.18526785714285715
0 0.5535714285714286 0.890625 0.04017857142857143 0.05580357142857143
0 0.5558035714285714 0.7723214285714286 0.029017857142857144 0.06473214285714286
0 0.34375 0.96875 0.06473214285714286 0.0625
0 0.37276785714285715 0.6629464285714286 0.05580357142857143 0.08258928571428571
0 0.21875 0.6183035714285714 0.04017857142857143 0.060267857142857144
1 0.875 0.49107142857142855 0.24776785714285715 0.9821428571428571
1 0.31026785714285715 0.10491071428571429 0.16741071428571427 0.20982142857142858
0 0.48660714285714285 0.53125 0.18973214285714285 0.43526785714285715