0 0.07366071428571429 0.6450892857142857 0.08035714285714286 0.140625
0 0.16071428571428573 0.6316964285714286 0.07589285714285714 0.14732142857142858
0 0.24107142857142858 0.6495535714285714 0.049107142857142856 0.21651785714285715
0 0.36160714285714285 0.5758928571428571 0.12276785714285714 0.20089285714285715
0 0.6205357142857143 0.47767857142857145 0.20535714285714285 0.3549107142857143
0 0.8080357142857143 0.5513392857142857 0.14732142857142858 0.3549107142857143
0 0.921875 0.6339285714285714 0.07366071428571429 0.27232142857142855
0 0.4107142857142857 0.3705357142857143 0.18526785714285715 0.19196428571428573
0 0.21651785714285715 0.4888392857142857 0.12723214285714285 0.08482142857142858
1 0.18526785714285715 0.22098214285714285 0.20982142857142858 0.4419642857142857
1 0.6674107142857143 0.14508928571428573 0.29910714285714285 0.29017857142857145