0 0.6875 0.13392857142857142 0.08035714285714286 0.11607142857142858
0 0.703125 0.2544642857142857 0.06696428571428571 0.08482142857142858
0 0.7142857142857143 0.43973214285714285 0.10267857142857142 0.25892857142857145
0 0.71875 0.703125 0.10714285714285714 0.203125
0 0.703125 0.9040178571428571 0.06696428571428571 0.17410714285714285
0 0.578125 0.8995535714285714 0.04017857142857143 0.049107142857142856
0 0.5803571428571429 0.7924107142857143 0.029017857142857144 0.05803571428571429
0 0.5803571428571429 0.3861607142857143 0.033482142857142856 0.04017857142857143
0 0.5401785714285714 0.23660714285714285 0.10714285714285714 0.10491071428571429
0 0.515625 0.008928571428571428 0.049107142857142856 0.017857142857142856
0 0.39732142857142855 0.6830357142857143 0.05580357142857143 0.0625
0 0.38392857142857145 0.9709821428571429 0.046875 0.046875
0 0.26339285714285715 0.6450892857142857 0.033482142857142856 0.060267857142857144
1 0.8727678571428571 0.49330357142857145 0.25223214285714285 0.9866071428571429
1 0.3794642857142857 0.31919642857142855 0.21875 0.6383928571428571
1 0.484375 0.8348214285714286 0.14285714285714285 0.30357142857142855