0 0.171875 0.19642857142857142 0.14955357142857142 0.15178571428571427
0 0.296875 0.19196428571428573 0.10044642857142858 0.060267857142857144
0 0.2767857142857143 0.10491071428571429 0.049107142857142856 0.060267857142857144
0 0.38169642857142855 0.18526785714285715 0.08258928571428571 0.07142857142857142
0 0.484375 0.18526785714285715 0.05357142857142857 0.05580357142857143
0 0.42410714285714285 0.28125 0.12276785714285714 0.05803571428571429
0 0.6473214285714286 0.35044642857142855 0.16517857142857142 0.13169642857142858
0 0.7008928571428571 0.47544642857142855 0.08705357142857142 0.07366071428571429
0 0.8236607142857143 0.48214285714285715 0.12053571428571429 0.11160714285714286
0 0.765625 0.5669642857142857 0.049107142857142856 0.049107142857142856
0 0.8526785714285714 0.6049107142857143 0.078125 0.10267857142857142
0 0.9553571428571429 0.49107142857142855 0.049107142857142856 0.07589285714285714
0 0.9330357142857143 0.7901785714285714 0.06919642857142858 0.16964285714285715
0 0.6696428571428571 0.6205357142857143 0.07366071428571429 0.09151785714285714
0 0.6651785714285714 0.7142857142857143 0.07589285714285714 0.10714285714285714
0 0.6852678571428571 0.7834821428571429 0.049107142857142856 0.049107142857142856
0 0.5178571428571429 0.7879464285714286 0.06696428571428571 0.08035714285714286
0 0.49776785714285715 0.5066964285714286 0.19196428571428573 0.13169642857142858
0 0.19866071428571427 0.5513392857142857 0.09151785714285714 0.08258928571428571
0 0.029017857142857144 0.59375 0.05803571428571429 0.10714285714285714
0 0.11830357142857142 0.7790178571428571 0.08258928571428571 0.08705357142857142
0 0.43080357142857145 0.9241071428571429 0.049107142857142856 0.049107142857142856
1 0.7700892857142857 0.14285714285714285 0.45089285714285715 0.24107142857142858
1 0.8839285714285714 0.34375 0.23214285714285715 0.13392857142857142
1 0.5714285714285714 0.9598214285714286 0.16294642857142858 0.078125
1 0.29017857142857145 0.40848214285714285 0.14285714285714285 0.15848214285714285
1 0.3236607142857143 0.29017857142857145 0.07589285714285714 0.06919642857142858
1 0.41964285714285715 0.08035714285714286 0.11607142857142858 0.140625
1 0.08928571428571429 0.060267857142857144 0.140625 0.09151785714285714
1 0.2700892857142857 0.7098214285714286 0.12276785714285714 0.14285714285714285
1 0.109375 0.6004464285714286 0.060267857142857144 0.19196428571428573