0 0.10267857142857142 0.25 0.15401785714285715 0.11383928571428571
0 0.2857142857142857 0.15401785714285715 0.13169642857142858 0.18303571428571427
0 0.6651785714285714 0.22767857142857142 0.26339285714285715 0.140625
0 0.9508928571428571 0.27455357142857145 0.09821428571428571 0.11160714285714286
0 0.3013392857142857 0.7433035714285714 0.08482142857142858 0.08482142857142858
0 0.5691964285714286 0.734375 0.060267857142857144 0.05133928571428571
0 0.6763392857142857 0.7790178571428571 0.07366071428571429 0.060267857142857144
1 0.06919642857142858 0.10267857142857142 0.13839285714285715 0.20535714285714285
1 0.328125 0.049107142857142856 0.17410714285714285 0.09821428571428571
1 0.7723214285714286 0.08705357142857142 0.41964285714285715 0.17410714285714285
1 0.8058035714285714 0.6696428571428571 0.38839285714285715 0.41964285714285715