0 0.46875 0.42857142857142855 0.23660714285714285 0.31919642857142855
0 0.3080357142857143 0.6607142857142857 0.12723214285714285 0.234375
0 0.47098214285714285 0.8727678571428571 0.43526785714285715 0.09598214285714286
0 0.671875 0.3549107142857143 0.08928571428571429 0.10267857142857142
0 0.7299107142857143 0.5580357142857143 0.03571428571428571 0.05357142857142857
0 0.8058035714285714 0.7366071428571429 0.20535714285714285 0.29910714285714285
0 0.6629464285714286 0.7142857142857143 0.060267857142857144 0.05133928571428571
0 0.5178571428571429 0.734375 0.07366071428571429 0.060267857142857144
0 0.59375 0.7633928571428571 0.024553571428571428 0.022321428571428572
0 0.18526785714285715 0.90625 0.03571428571428571 0.033482142857142856
1 0.8013392857142857 0.26785714285714285 0.39732142857142855 0.5334821428571429
1 0.3013392857142857 0.43526785714285715 0.125 0.17857142857142858
1 0.9553571428571429 0.7008928571428571 0.08705357142857142 0.21875