0 0.017857142857142856 0.890625 0.03571428571428571 0.03125
0 0.08035714285714286 0.8638392857142857 0.029017857142857144 0.033482142857142856
0 0.1875 0.8348214285714286 0.060267857142857144 0.05357142857142857
0 0.27455357142857145 0.8058035714285714 0.05133928571428571 0.03794642857142857
0 0.3638392857142857 0.828125 0.060267857142857144 0.049107142857142856
0 0.45535714285714285 0.84375 0.06919642857142858 0.044642857142857144
0 0.6026785714285714 0.9754464285714286 0.22321428571428573 0.049107142857142856
0 0.7723214285714286 0.9397321428571429 0.08035714285714286 0.05133928571428571
0 0.9888392857142857 0.7723214285714286 0.022321428571428572 0.03571428571428571
0 0.7410714285714286 0.796875 0.029017857142857144 0.015625
1 0.6004464285714286 0.43526785714285715 0.33035714285714285 0.22767857142857142
1 0.36160714285714285 0.7299107142857143 0.19642857142857142 0.13616071428571427
1 0.35714285714285715 0.47767857142857145 0.125 0.22767857142857142
1 0.08705357142857142 0.47098214285714285 0.09151785714285714 0.09598214285714286