0 0.26339285714285715 0.640625 0.11160714285714286 0.11383928571428571
0 0.11383928571428571 0.65625 0.06473214285714286 0.04241071428571429
0 0.05133928571428571 0.5357142857142857 0.09821428571428571 0.05580357142857143
0 0.21651785714285715 0.5491071428571429 0.11607142857142858 0.044642857142857144
0 0.35714285714285715 0.5446428571428571 0.03125 0.024553571428571428
0 0.40848214285714285 0.5513392857142857 0.022321428571428572 0.011160714285714286
0 0.6227678571428571 0.6450892857142857 0.05580357142857143 0.04017857142857143
0 0.8169642857142857 0.5803571428571429 0.044642857142857144 0.08482142857142858
1 0.6049107142857143 0.828125 0.22098214285714285 0.11383928571428571
1 0.16294642857142858 0.9263392857142857 0.09598214285714286 0.06473214285714286
1 0.03794642857142857 0.8705357142857143 0.07589285714285714 0.06919642857142858
1 0.12053571428571429 0.3638392857142857 0.15848214285714285 0.23214285714285715
1 0.546875 0.359375 0.10714285714285714 0.17410714285714285
1 0.5379464285714286 0.5959821428571429 0.08482142857142858 0.13616071428571427
1 0.7276785714285714 0.6584821428571429 0.060267857142857144 0.049107142857142856
1 0.07589285714285714 0.10491071428571429 0.13169642857142858 0.16294642857142858