0 0.25892857142857145 0.11383928571428571 0.22544642857142858 0.22767857142857142
0 0.41294642857142855 0.23883928571428573 0.044642857142857144 0.06473214285714286
0 0.33705357142857145 0.34375 0.06473214285714286 0.23214285714285715
0 0.43973214285714285 0.5535714285714286 0.05357142857142857 0.07589285714285714
1 0.5089285714285714 0.09821428571428571 0.24330357142857142 0.19642857142857142
1 0.7366071428571429 0.36160714285714285 0.07142857142857142 0.10267857142857142
1 0.84375 0.43973214285714285 0.09598214285714286 0.078125
1 0.9575892857142857 0.4017857142857143 0.08482142857142858 0.17410714285714285
1 0.6696428571428571 0.9330357142857143 0.0625 0.05133928571428571
1 0.7924107142857143 0.9508928571428571 0.05357142857142857 0.078125
1 0.6941964285714286 0.0625 0.11160714285714286 0.125