0 0.265625 0.6651785714285714 0.11607142857142858 0.12053571428571429
0 0.109375 0.6830357142857143 0.06696428571428571 0.044642857142857144
0 0.049107142857142856 0.5558035714285714 0.09598214285714286 0.060267857142857144
0 0.21651785714285715 0.5691964285714286 0.12276785714285714 0.049107142857142856
0 0.36160714285714285 0.5647321428571429 0.033482142857142856 0.026785714285714284
0 0.4174107142857143 0.5714285714285714 0.022321428571428572 0.013392857142857142
0 0.6428571428571429 0.671875 0.060267857142857144 0.04017857142857143
0 0.84375 0.6026785714285714 0.046875 0.09151785714285714
1 0.6227678571428571 0.859375 0.23214285714285715 0.12053571428571429
1 0.16071428571428573 0.9642857142857143 0.10267857142857142 0.06919642857142858
1 0.033482142857142856 0.9017857142857143 0.06696428571428571 0.07142857142857142
1 0.11607142857142858 0.375 0.16517857142857142 0.24107142857142858
1 0.5625 0.3705357142857143 0.11160714285714286 0.18080357142857142
1 0.5535714285714286 0.6205357142857143 0.08928571428571429 0.14285714285714285
1 0.75 0.6830357142857143 0.0625 0.05357142857142857
1 0.06919642857142858 0.10491071428571429 0.13839285714285715 0.16964285714285715