0 0.06473214285714286 0.7053571428571429 0.07366071428571429 0.05357142857142857
0 0.23883928571428573 0.7321428571428571 0.16517857142857142 0.12723214285714285
0 0.38839285714285715 0.7901785714285714 0.08928571428571429 0.07142857142857142
0 0.515625 0.8325892857142857 0.078125 0.07366071428571429
0 0.5982142857142857 0.875 0.060267857142857144 0.08928571428571429
0 0.6607142857142857 0.953125 0.0625 0.07589285714285714
0 0.4419642857142857 0.9709821428571429 0.03794642857142857 0.026785714285714284
1 0.4799107142857143 0.609375 0.23214285714285715 0.31473214285714285
1 0.6852678571428571 0.7946428571428571 0.13839285714285715 0.078125
1 0.8392857142857143 0.8370535714285714 0.11160714285714286 0.12276785714285714
1 0.21875 0.31919642857142855 0.38839285714285715 0.6361607142857143
1 0.5334821428571429 0.12053571428571429 0.16517857142857142 0.24107142857142858
1 0.8214285714285714 0.14285714285714285 0.30357142857142855 0.25892857142857145