0 0.4486607142857143 0.41517857142857145 0.22544642857142858 0.30580357142857145
0 0.29464285714285715 0.6383928571428571 0.12276785714285714 0.22321428571428573
0 0.4486607142857143 0.8392857142857143 0.4174107142857143 0.09151785714285714
0 0.640625 0.34375 0.08482142857142858 0.09821428571428571
0 0.6964285714285714 0.5379464285714286 0.03571428571428571 0.05133928571428571
0 0.7700892857142857 0.7098214285714286 0.19642857142857142 0.2857142857142857
0 0.6339285714285714 0.6897321428571429 0.05803571428571429 0.049107142857142856
0 0.4955357142857143 0.7098214285714286 0.07142857142857142 0.05580357142857143
0 0.5669642857142857 0.7366071428571429 0.024553571428571428 0.020089285714285716
0 0.17633928571428573 0.8727678571428571 0.033482142857142856 0.033482142857142856
1 0.7857142857142857 0.25892857142857145 0.41964285714285715 0.5178571428571429
1 0.28794642857142855 0.421875 0.11830357142857142 0.16964285714285715
1 0.9285714285714286 0.6763392857142857 0.109375 0.20982142857142858