0 0.14285714285714285 0.65625 0.07589285714285714 0.09151785714285714
0 0.22991071428571427 0.6696428571428571 0.05357142857142857 0.046875
0 0.38839285714285715 0.671875 0.078125 0.060267857142857144
0 0.484375 0.7008928571428571 0.06473214285714286 0.06919642857142858
0 0.5558035714285714 0.7165178571428571 0.04241071428571429 0.0625
0 0.6138392857142857 0.7098214285714286 0.03571428571428571 0.049107142857142856
0 0.5625 0.6540178571428571 0.049107142857142856 0.03571428571428571
0 0.6986607142857143 0.7053571428571429 0.10267857142857142 0.09598214285714286
0 0.7589285714285714 0.5558035714285714 0.05357142857142857 0.060267857142857144
1 0.17857142857142858 0.47767857142857145 0.14955357142857142 0.12276785714285714
1 0.6450892857142857 0.49107142857142855 0.13392857142857142 0.23660714285714285