0 0.6629464285714286 0.38392857142857145 0.13616071428571427 0.04241071428571429
0 0.7321428571428571 0.9308035714285714 0.25669642857142855 0.12276785714285714
0 0.12946428571428573 0.6785714285714286 0.09151785714285714 0.13839285714285715
0 0.22321428571428573 0.8325892857142857 0.13392857142857142 0.19866071428571427
1 0.7142857142857143 0.7611607142857143 0.10491071428571429 0.10714285714285714
1 0.6272321428571429 0.6071428571428571 0.09821428571428571 0.060267857142857144
1 0.6785714285714286 0.6852678571428571 0.09151785714285714 0.060267857142857144
1 0.84375 0.5580357142857143 0.24107142857142858 0.34151785714285715
1 0.24330357142857142 0.47544642857142855 0.3169642857142857 0.19419642857142858
1 0.49107142857142855 0.25223214285714285 0.20535714285714285 0.5044642857142857
1 0.8013392857142857 0.18973214285714285 0.37723214285714285 0.36160714285714285