0 0.0625 0.5334821428571429 0.12276785714285714 0.12723214285714285
0 0.3638392857142857 0.6294642857142857 0.38392857142857145 0.18303571428571427
0 0.7544642857142857 0.6897321428571429 0.359375 0.18526785714285715
0 0.9665178571428571 0.7254464285714286 0.05803571428571429 0.06919642857142858
0 0.765625 0.4732142857142857 0.05133928571428571 0.044642857142857144
0 0.8415178571428571 0.47767857142857145 0.046875 0.03125
0 0.484375 0.47098214285714285 0.08258928571428571 0.05803571428571429
0 0.203125 0.4486607142857143 0.029017857142857144 0.026785714285714284
0 0.2544642857142857 0.4419642857142857 0.015625 0.017857142857142856
1 0.65625 0.47098214285714285 0.13169642857142858 0.11607142857142858
1 0.22098214285714285 0.24107142857142858 0.41517857142857145 0.31473214285714285
1 0.033482142857142856 0.4017857142857143 0.06696428571428571 0.07366071428571429