0 0.05580357142857143 0.6852678571428571 0.05357142857142857 0.11160714285714286
0 0.12053571428571429 0.7611607142857143 0.022321428571428572 0.04017857142857143
0 0.19642857142857142 0.7321428571428571 0.04017857142857143 0.05803571428571429
0 0.35267857142857145 0.7790178571428571 0.06473214285714286 0.09821428571428571
0 0.5022321428571429 0.7633928571428571 0.16071428571428573 0.08258928571428571
0 0.6629464285714286 0.765625 0.125 0.10044642857142858
0 0.7790178571428571 0.7455357142857143 0.024553571428571428 0.044642857142857144
0 0.8214285714285714 0.7566964285714286 0.020089285714285716 0.046875
1 0.6049107142857143 0.4263392857142857 0.39285714285714285 0.5535714285714286
1 0.875 0.6607142857142857 0.10491071428571429 0.140625
1 0.26785714285714285 0.5044642857142857 0.26785714285714285 0.34598214285714285