0 0.11830357142857142 0.6049107142857143 0.21651785714285715 0.171875
0 0.31919642857142855 0.5424107142857143 0.125 0.11383928571428571
0 0.33705357142857145 0.7678571428571429 0.09598214285714286 0.10267857142857142
0 0.43080357142857145 0.8415178571428571 0.05133928571428571 0.06919642857142858
0 0.5424107142857143 0.7767857142857143 0.044642857142857144 0.08258928571428571
0 0.6361607142857143 0.6941964285714286 0.10267857142857142 0.12723214285714285
0 0.7611607142857143 0.6584821428571429 0.07589285714285714 0.044642857142857144
0 0.8638392857142857 0.6450892857142857 0.03571428571428571 0.05580357142857143
1 0.6116071428571429 0.31473214285714285 0.21651785714285715 0.484375
1 0.23883928571428573 0.48214285714285715 0.10491071428571429 0.3392857142857143
1 0.4174107142857143 0.47544642857142855 0.10714285714285714 0.26339285714285715