0 0.17410714285714285 0.44419642857142855 0.26785714285714285 0.5446428571428571
0 0.36160714285714285 0.5200892857142857 0.09598214285714286 0.41294642857142855
0 0.47544642857142855 0.671875 0.10267857142857142 0.26339285714285715
0 0.5424107142857143 0.4107142857142857 0.03794642857142857 0.14732142857142858
0 0.6026785714285714 0.47767857142857145 0.049107142857142856 0.18973214285714285
0 0.6450892857142857 0.49107142857142855 0.033482142857142856 0.14955357142857142
0 0.7991071428571429 0.484375 0.08258928571428571 0.203125
0 0.8928571428571429 0.4732142857142857 0.11607142857142858 0.20535714285714285
1 0.8950892857142857 0.20982142857142858 0.14508928571428573 0.27455357142857145
1 0.6183035714285714 0.125 0.13169642857142858 0.22767857142857142
1 0.19642857142857142 0.07589285714285714 0.25892857142857145 0.15178571428571427
1 0.4575892857142857 0.10714285714285714 0.11830357142857142 0.21205357142857142