0 0.18303571428571427 0.5491071428571429 0.20758928571428573 0.06473214285714286
0 0.4174107142857143 0.47767857142857145 0.25223214285714285 0.20982142857142858
0 0.59375 0.453125 0.10267857142857142 0.08258928571428571
0 0.022321428571428572 0.5089285714285714 0.044642857142857144 0.16071428571428573
0 0.0625 0.5959821428571429 0.017857142857142856 0.078125
0 0.0625 0.7120535714285714 0.10491071428571429 0.20982142857142858
1 0.12723214285714285 0.3482142857142857 0.22544642857142858 0.22544642857142858
1 0.3169642857142857 0.23660714285714285 0.14732142857142858 0.19866071428571427
1 0.59375 0.18303571428571427 0.140625 0.203125
0 0.19196428571428573 0.6227678571428571 0.029017857142857144 0.078125
0 0.27901785714285715 0.6227678571428571 0.022321428571428572 0.05133928571428571
0 0.33482142857142855 0.6116071428571429 0.022321428571428572 0.03125