0 0.03794642857142857 0.8616071428571429 0.029017857142857144 0.03571428571428571
0 0.14732142857142858 0.8325892857142857 0.060267857142857144 0.05357142857142857
0 0.23660714285714285 0.8013392857142857 0.05133928571428571 0.04017857142857143
0 0.32589285714285715 0.8258928571428571 0.0625 0.049107142857142856
0 0.41964285714285715 0.8415178571428571 0.06919642857142858 0.044642857142857144
0 0.5736607142857143 0.9754464285714286 0.22767857142857142 0.049107142857142856
0 0.7410714285714286 0.9397321428571429 0.08258928571428571 0.05133928571428571
0 0.9754464285714286 0.7700892857142857 0.049107142857142856 0.03571428571428571
0 0.7098214285714286 0.7924107142857143 0.029017857142857144 0.015625
1 0.5669642857142857 0.4263392857142857 0.33482142857142855 0.22991071428571427
1 0.3236607142857143 0.7254464285714286 0.19866071428571427 0.13839285714285715
1 0.32142857142857145 0.46875 0.12723214285714285 0.23214285714285715
1 0.044642857142857144 0.46205357142857145 0.08928571428571429 0.09375