0 0.8526785714285714 0.23883928571428573 0.29464285714285715 0.41294642857142855
0 0.8303571428571429 0.8370535714285714 0.2544642857142857 0.24553571428571427
0 0.7522321428571429 0.5357142857142857 0.06473214285714286 0.12723214285714285
0 0.6763392857142857 0.6316964285714286 0.060267857142857144 0.13392857142857142
0 0.3482142857142857 0.5558035714285714 0.04241071428571429 0.16517857142857142
0 0.4888392857142857 0.5200892857142857 0.09151785714285714 0.05803571428571429
0 0.5491071428571429 0.5870535714285714 0.05357142857142857 0.09821428571428571
0 0.6205357142857143 0.5691964285714286 0.044642857142857144 0.10044642857142858
0 0.32589285714285715 0.4174107142857143 0.08258928571428571 0.09151785714285714
1 0.17410714285714285 0.15178571428571427 0.3169642857142857 0.30357142857142855
1 0.8526785714285714 0.6741071428571429 0.09151785714285714 0.18973214285714285
1 0.4017857142857143 0.8236607142857143 0.08482142857142858 0.14285714285714285
1 0.125 0.48214285714285715 0.08035714285714286 0.27232142857142855
1 0.8102678571428571 0.033482142857142856 0.27232142857142855 0.06696428571428571