0 0.19196428571428573 0.25669642857142855 0.14508928571428573 0.42857142857142855
0 0.3638392857142857 0.2857142857142857 0.125 0.42410714285714285
0 0.5647321428571429 0.375 0.27455357142857145 0.18973214285714285
0 0.6875 0.5022321428571429 0.09151785714285714 0.140625
0 0.7857142857142857 0.4419642857142857 0.049107142857142856 0.10267857142857142
0 0.16964285714285715 0.6986607142857143 0.07589285714285714 0.07589285714285714
0 0.38392857142857145 0.7098214285714286 0.046875 0.06696428571428571
0 0.515625 0.6897321428571429 0.19642857142857142 0.05580357142857143
0 0.6450892857142857 0.6919642857142857 0.03794642857142857 0.05803571428571429
0 0.5758928571428571 0.5379464285714286 0.09375 0.08482142857142858
1 0.5580357142857143 0.12723214285714285 0.29464285714285715 0.2544642857142857
1 0.27901785714285715 0.08705357142857142 0.10714285714285714 0.17410714285714285