0 0.14955357142857142 0.35714285714285715 0.08482142857142858 0.09821428571428571
0 0.31026785714285715 0.38392857142857145 0.06696428571428571 0.046875
0 0.4107142857142857 0.38169642857142855 0.06473214285714286 0.04241071428571429
0 0.23883928571428573 0.32142857142857145 0.017857142857142856 0.017857142857142856
0 0.5357142857142857 0.4375 0.049107142857142856 0.046875
0 0.6629464285714286 0.41964285714285715 0.07366071428571429 0.0625
0 0.18303571428571427 0.7388392857142857 0.049107142857142856 0.109375
0 0.265625 0.7633928571428571 0.09821428571428571 0.09821428571428571
0 0.36160714285714285 0.8214285714285714 0.10044642857142858 0.11383928571428571
0 0.6428571428571429 0.7276785714285714 0.06919642857142858 0.12723214285714285
0 0.7991071428571429 0.7522321428571429 0.17857142857142858 0.15178571428571427
0 0.9352678571428571 0.7901785714285714 0.078125 0.08928571428571429
1 0.3125 0.15848214285714285 0.34151785714285715 0.31473214285714285
1 0.7388392857142857 0.19196428571428573 0.46205357142857145 0.36830357142857145
1 0.7834821428571429 0.5848214285714286 0.13169642857142858 0.125
1 0.8794642857142857 0.5647321428571429 0.060267857142857144 0.10267857142857142
1 0.9263392857142857 0.7209821428571429 0.04017857142857143 0.04017857142857143
1 0.5892857142857143 0.5825892857142857 0.12723214285714285 0.14732142857142858
1 0.15625 0.6428571428571429 0.06473214285714286 0.12276785714285714
1 0.27901785714285715 0.6517857142857143 0.09821428571428571 0.06696428571428571
1 0.35714285714285715 0.7455357142857143 0.0625 0.03125
1 0.03125 0.6071428571428571 0.05357142857142857 0.16741071428571427