0 0.013392857142857142 0.37276785714285715 0.022321428571428572 0.044642857142857144
0 0.12053571428571429 0.3638392857142857 0.022321428571428572 0.022321428571428572
0 0.16741071428571427 0.37276785714285715 0.033482142857142856 0.029017857142857144
0 0.21875 0.3705357142857143 0.029017857142857144 0.033482142857142856
0 0.265625 0.3638392857142857 0.020089285714285716 0.033482142857142856
0 0.3236607142857143 0.36607142857142855 0.03794642857142857 0.033482142857142856
0 0.375 0.37276785714285715 0.024553571428571428 0.049107142857142856
0 0.4263392857142857 0.36830357142857145 0.026785714285714284 0.046875
0 0.5 0.36160714285714285 0.060267857142857144 0.05133928571428571
0 0.5513392857142857 0.359375 0.03571428571428571 0.04017857142857143
0 0.6160714285714286 0.36607142857142855 0.044642857142857144 0.05357142857142857
0 0.6808035714285714 0.3705357142857143 0.033482142857142856 0.033482142857142856
0 0.7388392857142857 0.36830357142857145 0.03125 0.04017857142857143
0 0.7924107142857143 0.36607142857142855 0.03571428571428571 0.05803571428571429
0 0.859375 0.36830357142857145 0.049107142857142856 0.05803571428571429
0 0.9129464285714286 0.375 0.026785714285714284 0.033482142857142856
0 0.9776785714285714 0.375 0.026785714285714284 0.04241071428571429
0 0.8727678571428571 0.49107142857142855 0.08705357142857142 0.060267857142857144
0 0.47767857142857145 0.546875 0.11607142857142858 0.10714285714285714
0 0.16964285714285715 0.5 0.17857142857142858 0.15848214285714285
1 0.8035714285714286 0.20535714285714285 0.14732142857142858 0.17410714285714285