0 0.078125 0.4263392857142857 0.15625 0.16071428571428573
0 0.23883928571428573 0.41517857142857145 0.12276785714285714 0.08035714285714286
0 0.4107142857142857 0.40625 0.10267857142857142 0.07366071428571429
0 0.5066964285714286 0.3638392857142857 0.078125 0.13839285714285715
0 0.5982142857142857 0.41517857142857145 0.060267857142857144 0.08035714285714286
0 0.6651785714285714 0.40848214285714285 0.078125 0.08705357142857142
0 0.75 0.42410714285714285 0.09151785714285714 0.08482142857142858
0 0.828125 0.43973214285714285 0.06919642857142858 0.06919642857142858
0 0.8950892857142857 0.43526785714285715 0.044642857142857144 0.06919642857142858
0 0.15848214285714285 0.6875 0.26785714285714285 0.34598214285714285
1 0.45535714285714285 0.19419642857142858 0.12276785714285714 0.17857142857142858
1 0.6316964285714286 0.25 0.13169642857142858 0.21875
1 0.765625 0.32142857142857145 0.08035714285714286 0.11607142857142858