0 0.6339285714285714 0.35267857142857145 0.14508928571428573 0.044642857142857144
0 0.7098214285714286 0.9375 0.27455357142857145 0.125
0 0.060267857142857144 0.671875 0.10044642857142858 0.14732142857142858
0 0.16294642857142858 0.8370535714285714 0.14285714285714285 0.21428571428571427
1 0.6897321428571429 0.7611607142857143 0.11160714285714286 0.11607142857142858
1 0.5959821428571429 0.5959821428571429 0.10714285714285714 0.06473214285714286
1 0.6495535714285714 0.6785714285714286 0.09821428571428571 0.06473214285714286
1 0.828125 0.5401785714285714 0.25892857142857145 0.36607142857142855
1 0.18303571428571427 0.453125 0.34151785714285715 0.20758928571428573
1 0.4486607142857143 0.24107142857142858 0.21875 0.48214285714285715
1 0.7834821428571429 0.16964285714285715 0.40625 0.3392857142857143