0 0.15625 0.33705357142857145 0.09151785714285714 0.10714285714285714
0 0.33035714285714285 0.36830357142857145 0.07142857142857142 0.05133928571428571
0 0.43973214285714285 0.36607142857142855 0.07142857142857142 0.046875
0 0.2544642857142857 0.29910714285714285 0.020089285714285716 0.017857142857142856
0 0.5758928571428571 0.4263392857142857 0.05357142857142857 0.05133928571428571
0 0.7142857142857143 0.40625 0.08035714285714286 0.06919642857142858
0 0.19196428571428573 0.7522321428571429 0.05357142857142857 0.11830357142857142
0 0.28125 0.7790178571428571 0.10714285714285714 0.10714285714285714
0 0.38839285714285715 0.8415178571428571 0.109375 0.12276785714285714
0 0.6919642857142857 0.7410714285714286 0.07589285714285714 0.13839285714285715
0 0.8616071428571429 0.7678571428571429 0.19642857142857142 0.16517857142857142
0 0.9821428571428571 0.8080357142857143 0.033482142857142856 0.09598214285714286
1 0.3325892857142857 0.14508928571428573 0.36830357142857145 0.29017857142857145
1 0.7700892857142857 0.17857142857142858 0.45089285714285715 0.35714285714285715
1 0.8459821428571429 0.5848214285714286 0.14285714285714285 0.13616071428571427
1 0.9508928571428571 0.5647321428571429 0.06473214285714286 0.11160714285714286
1 0.9888392857142857 0.7321428571428571 0.022321428571428572 0.044642857142857144
1 0.6339285714285714 0.5825892857142857 0.13839285714285715 0.16071428571428573
1 0.16517857142857142 0.6495535714285714 0.06919642857142858 0.13169642857142858
1 0.29910714285714285 0.6584821428571429 0.10714285714285714 0.07366071428571429
1 0.38169642857142855 0.7589285714285714 0.06919642857142858 0.033482142857142856
1 0.029017857142857144 0.609375 0.05803571428571429 0.18080357142857142