0 0.1875 0.5982142857142857 0.07589285714285714 0.11607142857142858
0 0.171875 0.27232142857142855 0.05580357142857143 0.07589285714285714
0 0.3080357142857143 0.30580357142857145 0.05357142857142857 0.060267857142857144
0 0.34375 0.35714285714285715 0.049107142857142856 0.06696428571428571
0 0.35714285714285715 0.4799107142857143 0.026785714285714284 0.049107142857142856
0 0.5892857142857143 0.5803571428571429 0.04017857142857143 0.09375
0 0.6383928571428571 0.5825892857142857 0.029017857142857144 0.05803571428571429
0 0.7790178571428571 0.7276785714285714 0.020089285714285716 0.029017857142857144
0 0.6763392857142857 0.3236607142857143 0.03571428571428571 0.08258928571428571
0 0.5334821428571429 0.36160714285714285 0.029017857142857144 0.049107142857142856
0 0.5446428571428571 0.2857142857142857 0.03125 0.04017857142857143
1 0.09598214285714286 0.25223214285714285 0.19196428571428573 0.5
1 0.24776785714285715 0.13392857142857142 0.10714285714285714 0.24553571428571427
1 0.41964285714285715 0.25 0.21651785714285715 0.49776785714285715
1 0.6026785714285714 0.4375 0.07366071428571429 0.15848214285714285
1 0.5825892857142857 0.234375 0.08035714285714286 0.15625
1 0.6316964285714286 0.10267857142857142 0.171875 0.16964285714285715