0 0.13169642857142858 0.21205357142857142 0.140625 0.40848214285714285
0 0.32142857142857145 0.22767857142857142 0.14732142857142858 0.45089285714285715
0 0.5491071428571429 0.3236607142857143 0.34375 0.20089285714285715
0 0.7678571428571429 0.40401785714285715 0.049107142857142856 0.11607142857142858
0 0.6651785714285714 0.47544642857142855 0.10714285714285714 0.09151785714285714
0 0.5379464285714286 0.5089285714285714 0.10044642857142858 0.06919642857142858
0 0.48214285714285715 0.6584821428571429 0.16071428571428573 0.03125
0 0.6205357142857143 0.6674107142857143 0.044642857142857144 0.033482142857142856
0 0.34598214285714285 0.6852678571428571 0.046875 0.049107142857142856
0 0.12723214285714285 0.6696428571428571 0.05580357142857143 0.06473214285714286
1 0.42857142857142855 0.022321428571428572 0.45089285714285715 0.044642857142857144
1 0.5357142857142857 0.13392857142857142 0.22321428571428573 0.11830357142857142