0 0.14508928571428573 0.23883928571428573 0.13839285714285715 0.39955357142857145
0 0.33035714285714285 0.2544642857142857 0.14508928571428573 0.43973214285714285
0 0.5513392857142857 0.3482142857142857 0.33482142857142855 0.19642857142857142
0 0.7633928571428571 0.4263392857142857 0.049107142857142856 0.11160714285714286
0 0.6651785714285714 0.4955357142857143 0.10491071428571429 0.08928571428571429
0 0.5401785714285714 0.5290178571428571 0.09821428571428571 0.06919642857142858
0 0.484375 0.6741071428571429 0.15625 0.03125
0 0.6205357142857143 0.6830357142857143 0.04241071428571429 0.03125
0 0.35267857142857145 0.7008928571428571 0.044642857142857144 0.046875
0 0.13839285714285715 0.6852678571428571 0.05580357142857143 0.06473214285714286
1 0.4330357142857143 0.03794642857142857 0.43973214285714285 0.07589285714285714
1 0.5379464285714286 0.16294642857142858 0.21875 0.11607142857142858