0 0.05357142857142857 0.5200892857142857 0.10714285714285714 0.13839285714285715
0 0.37276785714285715 0.625 0.41517857142857145 0.19866071428571427
0 0.796875 0.6919642857142857 0.390625 0.20089285714285715
0 0.8080357142857143 0.45535714285714285 0.05803571428571429 0.046875
0 0.8883928571428571 0.45982142857142855 0.049107142857142856 0.033482142857142856
0 0.5022321428571429 0.453125 0.09151785714285714 0.0625
0 0.19642857142857142 0.42857142857142855 0.03125 0.029017857142857144
0 0.25223214285714285 0.421875 0.017857142857142856 0.017857142857142856
1 0.6897321428571429 0.453125 0.14285714285714285 0.125
1 0.22098214285714285 0.203125 0.43973214285714285 0.34151785714285715
1 0.024553571428571428 0.37723214285714285 0.049107142857142856 0.08035714285714286