0 0.5892857142857143 0.6383928571428571 0.07589285714285714 0.08258928571428571
0 0.6763392857142857 0.6428571428571429 0.05580357142857143 0.06473214285714286
0 0.7946428571428571 0.6763392857142857 0.03125 0.060267857142857144
0 0.8772321428571429 0.7455357142857143 0.049107142857142856 0.046875
1 0.10491071428571429 0.24776785714285715 0.20982142857142858 0.4955357142857143
1 0.22321428571428573 0.6741071428571429 0.08035714285714286 0.06919642857142858
1 0.04241071428571429 0.6183035714285714 0.08482142857142858 0.14285714285714285
1 0.27901785714285715 0.3794642857142857 0.12276785714285714 0.19419642857142858
1 0.4642857142857143 0.14732142857142858 0.078125 0.24107142857142858
1 0.421875 0.42410714285714285 0.10491071428571429 0.12946428571428573
1 0.6674107142857143 0.34598214285714285 0.13169642857142858 0.23660714285714285