0 0.18973214285714285 0.43973214285714285 0.2611607142857143 0.53125
0 0.37276785714285715 0.5133928571428571 0.09375 0.40401785714285715
0 0.484375 0.6629464285714286 0.09821428571428571 0.25669642857142855
0 0.5491071428571429 0.40625 0.03571428571428571 0.14285714285714285
0 0.609375 0.4732142857142857 0.046875 0.18526785714285715
0 0.6517857142857143 0.48660714285714285 0.033482142857142856 0.14732142857142858
0 0.8013392857142857 0.4799107142857143 0.08035714285714286 0.19866071428571427
0 0.890625 0.46875 0.11160714285714286 0.20089285714285715
1 0.8928571428571429 0.20982142857142858 0.14285714285714285 0.26785714285714285
1 0.6227678571428571 0.12946428571428573 0.12946428571428573 0.22098214285714285
1 0.21205357142857142 0.078125 0.2544642857142857 0.15625
1 0.46651785714285715 0.10714285714285714 0.11607142857142858 0.21428571428571427