0 0.17410714285714285 0.6495535714285714 0.27232142857142855 0.31473214285714285
0 0.09598214285714286 0.4017857142857143 0.18526785714285715 0.18526785714285715
0 0.24107142857142858 0.3861607142857143 0.06696428571428571 0.09598214285714286
0 0.41517857142857145 0.3861607142857143 0.06919642857142858 0.07366071428571429
0 0.5044642857142857 0.359375 0.09821428571428571 0.12946428571428573
0 0.6071428571428571 0.3950892857142857 0.060267857142857144 0.08482142857142858
0 0.6741071428571429 0.3950892857142857 0.0625 0.08482142857142858
0 0.75 0.41964285714285715 0.08258928571428571 0.09598214285714286
0 0.8303571428571429 0.41964285714285715 0.05133928571428571 0.08258928571428571
0 0.8883928571428571 0.42410714285714285 0.03571428571428571 0.060267857142857144
0 0.9308035714285714 0.43526785714285715 0.022321428571428572 0.03794642857142857
1 0.7098214285714286 0.2857142857142857 0.05357142857142857 0.13616071428571427
1 0.7834821428571429 0.328125 0.049107142857142856 0.08928571428571429
1 0.4642857142857143 0.23883928571428573 0.09598214285714286 0.15625
1 0.6294642857142857 0.26785714285714285 0.09151785714285714 0.12276785714285714