0 0.20535714285714285 0.19866071428571427 0.13839285714285715 0.13839285714285715
0 0.31919642857142855 0.19642857142857142 0.09151785714285714 0.05580357142857143
0 0.3013392857142857 0.11607142857142858 0.044642857142857144 0.05580357142857143
0 0.39955357142857145 0.18973214285714285 0.07589285714285714 0.06473214285714286
0 0.49330357142857145 0.18973214285714285 0.049107142857142856 0.05133928571428571
0 0.4375 0.27901785714285715 0.11383928571428571 0.05357142857142857
0 0.6428571428571429 0.34151785714285715 0.15178571428571427 0.12053571428571429
0 0.6941964285714286 0.4575892857142857 0.08035714285714286 0.06696428571428571
0 0.8058035714285714 0.4642857142857143 0.11160714285714286 0.10267857142857142
0 0.7522321428571429 0.5424107142857143 0.044642857142857144 0.044642857142857144
0 0.8325892857142857 0.5758928571428571 0.07142857142857142 0.09375
0 0.9285714285714286 0.47098214285714285 0.044642857142857144 0.06919642857142858
0 0.90625 0.7455357142857143 0.0625 0.15625
0 0.6651785714285714 0.5915178571428571 0.06696428571428571 0.08258928571428571
0 0.6607142857142857 0.6763392857142857 0.06919642857142858 0.09598214285714286
0 0.6785714285714286 0.7410714285714286 0.044642857142857144 0.044642857142857144
0 0.5245535714285714 0.7455357142857143 0.060267857142857144 0.07589285714285714
0 0.5044642857142857 0.48660714285714285 0.17633928571428573 0.12276785714285714
0 0.22991071428571427 0.5267857142857143 0.08258928571428571 0.07589285714285714
0 0.06919642857142858 0.5691964285714286 0.06696428571428571 0.09598214285714286
0 0.15625 0.7366071428571429 0.07589285714285714 0.08035714285714286
0 0.44419642857142855 0.8705357142857143 0.044642857142857144 0.044642857142857144
0 0.40848214285714285 0.9575892857142857 0.03125 0.029017857142857144
1 0.7566964285714286 0.14955357142857142 0.41517857142857145 0.22321428571428573
1 0.8660714285714286 0.33705357142857145 0.22098214285714285 0.12276785714285714
1 0.5736607142857143 0.9196428571428571 0.14955357142857142 0.10267857142857142
1 0.31473214285714285 0.3950892857142857 0.13169642857142858 0.14732142857142858
1 0.34598214285714285 0.2857142857142857 0.06919642857142858 0.06473214285714286
1 0.4330357142857143 0.09375 0.10714285714285714 0.12946428571428573
1 0.12946428571428573 0.07366071428571429 0.12946428571428573 0.08258928571428571
1 0.296875 0.6741071428571429 0.11383928571428571 0.13169642857142858
1 0.14732142857142858 0.5714285714285714 0.05580357142857143 0.17633928571428573