0 0.011160714285714286 0.3482142857142857 0.022321428571428572 0.07589285714285714
0 0.08258928571428571 0.27901785714285715 0.10044642857142858 0.18973214285714285
0 0.22098214285714285 0.3236607142857143 0.12723214285714285 0.20089285714285715
0 0.20535714285714285 0.47767857142857145 0.09151785714285714 0.05580357142857143
0 0.3638392857142857 0.5379464285714286 0.19642857142857142 0.17410714285714285
0 0.625 0.6183035714285714 0.23214285714285715 0.21651785714285715
0 0.8638392857142857 0.4799107142857143 0.24776785714285715 0.36160714285714285
0 0.47767857142857145 0.41517857142857145 0.29910714285714285 0.12276785714285714
0 0.5357142857142857 0.47767857142857145 0.05357142857142857 0.033482142857142856
0 0.3236607142857143 0.296875 0.07589285714285714 0.08705357142857142
0 0.5691964285714286 0.25892857142857145 0.203125 0.14732142857142858
1 0.10714285714285714 0.10714285714285714 0.14285714285714285 0.18526785714285715
1 0.5446428571428571 0.14285714285714285 0.10491071428571429 0.12276785714285714