0 0.060267857142857144 0.3861607142857143 0.078125 0.049107142857142856
0 0.13169642857142858 0.5825892857142857 0.044642857142857144 0.11607142857142858
0 0.265625 0.6785714285714286 0.10491071428571429 0.060267857142857144
0 0.34375 0.8035714285714286 0.10267857142857142 0.07589285714285714
0 0.7767857142857143 0.8348214285714286 0.44642857142857145 0.09598214285714286
0 0.35267857142857145 0.5870535714285714 0.09375 0.11160714285714286
0 0.5290178571428571 0.6674107142857143 0.14508928571428573 0.06919642857142858
0 0.6116071428571429 0.5669642857142857 0.08258928571428571 0.16517857142857142
0 0.7924107142857143 0.5491071428571429 0.17633928571428573 0.12276785714285714
0 0.8861607142857143 0.3638392857142857 0.22767857142857142 0.34375
0 0.7075892857142857 0.35267857142857145 0.11160714285714286 0.11383928571428571
0 0.43526785714285715 0.3482142857142857 0.17410714285714285 0.10267857142857142
0 0.265625 0.37276785714285715 0.10714285714285714 0.06473214285714286