0 0.011160714285714286 0.37276785714285715 0.022321428571428572 0.044642857142857144
0 0.12276785714285714 0.3638392857142857 0.022321428571428572 0.022321428571428572
0 0.16964285714285715 0.37276785714285715 0.03571428571428571 0.029017857142857144
0 0.22321428571428573 0.3705357142857143 0.029017857142857144 0.03571428571428571
0 0.27232142857142855 0.3638392857142857 0.022321428571428572 0.03571428571428571
0 0.33035714285714285 0.3638392857142857 0.04017857142857143 0.033482142857142856
0 0.38392857142857145 0.3705357142857143 0.024553571428571428 0.05133928571428571
0 0.4375 0.36830357142857145 0.029017857142857144 0.049107142857142856
0 0.5133928571428571 0.36160714285714285 0.060267857142857144 0.05357142857142857
0 0.5669642857142857 0.359375 0.03794642857142857 0.04017857142857143
0 0.6339285714285714 0.36607142857142855 0.044642857142857144 0.05580357142857143
0 0.6986607142857143 0.3705357142857143 0.033482142857142856 0.03571428571428571
0 0.7589285714285714 0.36830357142857145 0.03125 0.04241071428571429
0 0.8147321428571429 0.36607142857142855 0.03571428571428571 0.060267857142857144
0 0.8816964285714286 0.36830357142857145 0.049107142857142856 0.060267857142857144
0 0.9375 0.37276785714285715 0.029017857142857144 0.03571428571428571
0 0.9955357142857143 0.37276785714285715 0.008928571428571428 0.044642857142857144
0 0.8950892857142857 0.4955357142857143 0.09151785714285714 0.060267857142857144
0 0.4888392857142857 0.5513392857142857 0.11830357142857142 0.109375
0 0.171875 0.5022321428571429 0.18526785714285715 0.16517857142857142
1 0.8258928571428571 0.20089285714285715 0.15178571428571427 0.17857142857142858