0 0.11160714285714286 0.6651785714285714 0.08928571428571429 0.17857142857142858
0 0.29464285714285715 0.6294642857142857 0.060267857142857144 0.10267857142857142
0 0.6160714285714286 0.8482142857142857 0.09151785714285714 0.24776785714285715
0 0.7723214285714286 0.7834821428571429 0.10491071428571429 0.15401785714285715
0 0.9241071428571429 0.6004464285714286 0.10044642857142858 0.13169642857142858
0 0.22767857142857142 0.21875 0.09598214285714286 0.17633928571428573
0 0.4330357142857143 0.5178571428571429 0.10714285714285714 0.12723214285714285
0 0.4107142857142857 0.17410714285714285 0.09821428571428571 0.18526785714285715
0 0.6004464285714286 0.45089285714285715 0.078125 0.13169642857142858
0 0.7075892857142857 0.34151785714285715 0.08258928571428571 0.14955357142857142
0 0.8214285714285714 0.296875 0.08482142857142858 0.15401785714285715
0 0.9665178571428571 0.25892857142857145 0.06473214285714286 0.140625