0 0.03125 0.36160714285714285 0.033482142857142856 0.11607142857142858
0 0.015625 0.4732142857142857 0.03125 0.11607142857142858
0 0.008928571428571428 0.6138392857142857 0.015625 0.17410714285714285
0 0.24330357142857142 0.6272321428571429 0.04241071428571429 0.16294642857142858
0 0.23883928571428573 0.4732142857142857 0.029017857142857144 0.15625
0 0.23660714285714285 0.25669642857142855 0.033482142857142856 0.09598214285714286
0 0.40401785714285715 0.1875 0.03794642857142857 0.12276785714285714
0 0.4263392857142857 0.26339285714285715 0.022321428571428572 0.07366071428571429
0 0.4419642857142857 0.3392857142857143 0.024553571428571428 0.08928571428571429
0 0.484375 0.4575892857142857 0.04241071428571429 0.15848214285714285
0 0.5625 0.6294642857142857 0.05580357142857143 0.19196428571428573
0 0.9040178571428571 0.6450892857142857 0.07142857142857142 0.171875
0 0.7924107142857143 0.484375 0.046875 0.12053571428571429
0 0.6964285714285714 0.3169642857142857 0.033482142857142856 0.14955357142857142
0 0.6026785714285714 0.19866071428571427 0.044642857142857144 0.10491071428571429
0 0.78125 0.171875 0.04241071428571429 0.10267857142857142
0 0.9776785714285714 0.31473214285714285 0.04017857142857143 0.171875