0 0.23214285714285715 0.29910714285714285 0.049107142857142856 0.10267857142857142
0 0.39955357142857145 0.19419642857142858 0.05133928571428571 0.10267857142857142
0 0.44642857142857145 0.15625 0.05357142857142857 0.09821428571428571
0 0.5803571428571429 0.17410714285714285 0.10267857142857142 0.16517857142857142
0 0.5290178571428571 0.25 0.04017857142857143 0.07589285714285714
0 0.49107142857142855 0.38839285714285715 0.044642857142857144 0.20982142857142858
0 0.78125 0.34151785714285715 0.0625 0.125
0 0.7767857142857143 0.19866071428571427 0.04017857142857143 0.07589285714285714
0 0.9107142857142857 0.24107142857142858 0.05357142857142857 0.10267857142857142
0 0.8973214285714286 0.47544642857142855 0.033482142857142856 0.09598214285714286
0 0.7790178571428571 0.6808035714285714 0.044642857142857144 0.09598214285714286
0 0.49776785714285715 0.8459821428571429 0.05803571428571429 0.13169642857142858
0 0.23660714285714285 0.6071428571428571 0.04017857142857143 0.09151785714285714