0 0.013392857142857142 0.3705357142857143 0.026785714285714284 0.12053571428571429
0 0.006696428571428571 0.4888392857142857 0.013392857142857142 0.12053571428571429
0 0.22991071428571427 0.6473214285714286 0.044642857142857144 0.16741071428571427
0 0.22321428571428573 0.48660714285714285 0.03125 0.16071428571428573
0 0.22098214285714285 0.265625 0.033482142857142856 0.10044642857142858
0 0.3950892857142857 0.19642857142857142 0.03794642857142857 0.12723214285714285
0 0.4174107142857143 0.27232142857142855 0.024553571428571428 0.07589285714285714
0 0.4330357142857143 0.35044642857142855 0.026785714285714284 0.09151785714285714
0 0.47767857142857145 0.47098214285714285 0.044642857142857144 0.16517857142857142
0 0.5558035714285714 0.6473214285714286 0.05803571428571429 0.19642857142857142
0 0.9084821428571429 0.6651785714285714 0.07366071428571429 0.17633928571428573
0 0.7924107142857143 0.5 0.049107142857142856 0.12276785714285714
0 0.6941964285714286 0.328125 0.033482142857142856 0.15401785714285715
0 0.5982142857142857 0.20535714285714285 0.044642857142857144 0.10714285714285714
0 0.7834821428571429 0.17857142857142858 0.044642857142857144 0.10491071428571429
0 0.9821428571428571 0.32589285714285715 0.03571428571428571 0.17633928571428573