0 0.11830357142857142 0.6696428571428571 0.08482142857142858 0.16964285714285715
0 0.2924107142857143 0.6361607142857143 0.05580357142857143 0.09598214285714286
0 0.5982142857142857 0.84375 0.08482142857142858 0.23660714285714285
0 0.7477678571428571 0.7834821428571429 0.10044642857142858 0.14508928571428573
0 0.8928571428571429 0.609375 0.09598214285714286 0.125
0 0.22767857142857142 0.24553571428571427 0.09151785714285714 0.16741071428571427
0 0.421875 0.5290178571428571 0.10267857142857142 0.12276785714285714
0 0.4017857142857143 0.203125 0.09375 0.17410714285714285
0 0.5825892857142857 0.46651785714285715 0.07366071428571429 0.125
0 0.6852678571428571 0.36160714285714285 0.08035714285714286 0.14285714285714285
0 0.7924107142857143 0.31919642857142855 0.08035714285714286 0.14508928571428573
0 0.9419642857142857 0.28348214285714285 0.08035714285714286 0.13392857142857142