0 0.23660714285714285 0.24553571428571427 0.05133928571428571 0.11160714285714286
0 0.4174107142857143 0.13169642857142858 0.05803571428571429 0.11160714285714286
0 0.47098214285714285 0.08928571428571429 0.060267857142857144 0.109375
0 0.6160714285714286 0.109375 0.109375 0.18080357142857142
0 0.5602678571428571 0.19196428571428573 0.044642857142857144 0.08482142857142858
0 0.5178571428571429 0.34598214285714285 0.049107142857142856 0.22767857142857142
0 0.8392857142857143 0.29464285714285715 0.06919642857142858 0.13839285714285715
0 0.8325892857142857 0.13616071428571427 0.044642857142857144 0.08258928571428571
0 0.9754464285714286 0.18303571428571427 0.049107142857142856 0.11383928571428571
0 0.9665178571428571 0.43973214285714285 0.03794642857142857 0.10491071428571429
0 0.8370535714285714 0.6651785714285714 0.049107142857142856 0.10714285714285714
0 0.5267857142857143 0.8459821428571429 0.0625 0.14732142857142858
0 0.23883928571428573 0.5870535714285714 0.044642857142857144 0.10044642857142858