0 0.10714285714285714 0.6763392857142857 0.08705357142857142 0.17410714285714285
0 0.2857142857142857 0.6428571428571429 0.05803571428571429 0.10044642857142858
0 0.6004464285714286 0.8571428571428571 0.08928571428571429 0.24330357142857142
0 0.7544642857142857 0.7946428571428571 0.10267857142857142 0.14955357142857142
0 0.9040178571428571 0.6138392857142857 0.09821428571428571 0.12946428571428573
0 0.21875 0.24107142857142858 0.09375 0.171875
0 0.41964285714285715 0.5334821428571429 0.10491071428571429 0.12723214285714285
0 0.39732142857142855 0.19642857142857142 0.09598214285714286 0.17857142857142858
0 0.5848214285714286 0.46875 0.07589285714285714 0.12946428571428573
0 0.6919642857142857 0.36160714285714285 0.08258928571428571 0.14732142857142858
0 0.8013392857142857 0.3169642857142857 0.08482142857142858 0.14955357142857142
0 0.9553571428571429 0.28125 0.08482142857142858 0.13839285714285715