0 0.08035714285714286 0.37723214285714285 0.033482142857142856 0.10714285714285714
0 0.060267857142857144 0.484375 0.044642857142857144 0.10714285714285714
0 0.046875 0.6160714285714286 0.03571428571428571 0.16517857142857142
0 0.27901785714285715 0.6272321428571429 0.04017857142857143 0.15401785714285715
0 0.27455357142857145 0.48214285714285715 0.026785714285714284 0.14732142857142858
0 0.27232142857142855 0.27901785714285715 0.033482142857142856 0.09151785714285714
0 0.43080357142857145 0.21428571428571427 0.033482142857142856 0.11607142857142858
0 0.45089285714285715 0.2857142857142857 0.022321428571428572 0.06919642857142858
0 0.4642857142857143 0.35714285714285715 0.024553571428571428 0.08258928571428571
0 0.5066964285714286 0.46651785714285715 0.04017857142857143 0.14955357142857142
0 0.578125 0.6294642857142857 0.05357142857142857 0.18080357142857142
0 0.8995535714285714 0.6450892857142857 0.06696428571428571 0.16071428571428573
0 0.7946428571428571 0.49330357142857145 0.044642857142857144 0.11383928571428571
0 0.7053571428571429 0.33482142857142855 0.03125 0.13839285714285715
0 0.6160714285714286 0.22321428571428573 0.04017857142857143 0.09821428571428571
0 0.7857142857142857 0.19866071428571427 0.04017857142857143 0.09375
0 0.96875 0.33482142857142855 0.03571428571428571 0.16071428571428573